           1           4           3
           2           4           4
           3           5           4
           4           4           4
           5           4           5
           6           5           5
           7           5           4
           8           5           5
           9           6           5
          10           5           5
          11           4           5
          12           4           4
          13           5           4
          14           5           5
          15           5           6
          16           4           6
          17           3           6
          18           3           7
          19           4           7
          20           4           6
          21           3           6
          22           4           6
          23           4           7
          24           5           7
          25           5           6
          26           6           6
          27           6           5
          28           6           4
          29           6           5
          30           6           4
          31           7           4
          32           7           5
          33           7           6
          34           8           6
          35           7           6
          36           7           5
          37           7           4
          38           7           3
          39           7           4
          40           7           5
          41           8           5
          42           8           5
          43           7           5
          44           7           4
          45           7           3
          46           7           4
          47           7           3
          48           7           2
          49           8           2
          50           8           2
          51           8           2
          52           8           3
          53           8           2
          54           8           3
          55           8           2
          56           8           1
          57           7           1
          58           8           1
          59           7           1
          60           6           1
          61           7           1
          62           6           1
          63           6           2
          64           6           3
          65           6           2
          66           6           1
          67           6           1
          68           6           1
          69           6           1
          70           6           1
          71           6           1
          72           6           2
          73           6           3
          74           5           3
          75           5           2
          76           6           2
          77           5           2
          78           5           3
          79           4           3
          80           5           3
          81           6           3
          82           5           3
          83           5           4
          84           5           3
          85           5           4
          86           5           5
          87           5           6
          88           6           6
          89           6           7
          90           7           7
          91           6           7
          92           6           6
          93           7           6
          94           7           5
          95           6           5
          96           6           4
          97           6           5
          98           6           6
          99           5           6
         100           5           5
         101           5           4
         102           5           3
         103           5           2
         104           6           2
         105           6           1
         106           6           2
         107           6           3
         108           7           3
         109           7           4
         110           7           3
         111           8           3
         112           8           4
         113           8           3
         114           8           4
         115           8           4
         116           8           4
         117           8           3
         118           7           3
         119           6           3
         120           5           3
         121           4           3
         122           4           4
         123           4           5
         124           4           4
         125           4           5
         126           5           5
         127           4           5
         128           5           5
         129           5           6
         130           5           5
         131           5           6
         132           6           6
         133           6           5
         134           5           5
         135           5           6
         136           6           6
         137           5           6
         138           5           7
         139           5           8
         140           6           8
         141           6           8
         142           6           7
         143           6           8
         144           6           8
         145           6           7
         146           6           6
         147           7           6
         148           8           6
         149           8           6
         150           8           5
         151           7           5
         152           7           4
         153           8           4
         154           8           4
         155           8           5
         156           8           4
         157           7           4
         158           7           5
         159           7           4
         160           7           3
         161           7           2
         162           7           1
         163           8           1
         164           8           1
         165           7           1
         166           7           1
         167           7           1
         168           7           2
         169           6           2
         170           5           2
         171           4           2
         172           5           2
         173           6           2
         174           5           2
         175           6           2
         176           7           2
         177           7           1
         178           7           1
         179           8           1
         180           8           2
         181           8           2
         182           7           2
         183           7           1
         184           6           1
         185           7           1
         186           8           1
         187           8           1
         188           7           1
         189           6           1
         190           7           1
         191           7           1
         192           6           1
         193           6           1
         194           5           1
         195           6           1
         196           5           1
         197           5           2
         198           5           1
         199           4           1
         200           5           1
         201           6           1
         202           5           1
         203           5           2
         204           5           3
         205           4           3
         206           4           2
         207           3           2
         208           4           2
         209           3           2
         210           3           1
         211           4           1
         212           5           1
         213           6           1
         214           7           1
         215           7           2
         216           7           1
         217           7           1
         218           7           1
         219           8           1
         220           8           1
         221           8           2
         222           8           3
         223           8           2
         224           7           2
         225           7           1
         226           6           1
         227           6           2
         228           6           3
         229           7           3
         230           7           4
         231           8           4
         232           8           5
         233           8           4
         234           8           3
         235           8           4
         236           7           4
         237           7           5
         238           6           5
         239           6           6
         240           6           5
         241           7           5
         242           7           4
         243           6           4
         244           7           4
         245           6           4
         246           7           4
         247           6           4
         248           5           4
         249           4           4
         250           4           5
         251           5           5
         252           4           5
         253           4           6
         254           5           6
         255           5           5
         256           4           5
         257           4           6
         258           4           7
         259           5           7
         260           6           7
         261           7           7
         262           6           7
         263           6           8
         264           6           8
         265           6           8
         266           6           7
         267           6           8
         268           6           7
         269           7           7
         270           8           7
         271           8           8
         272           8           7
         273           7           7
         274           8           7
         275           8           8
         276           8           8
         277           8           7
         278           8           8
         279           8           7
         280           8           7
         281           7           7
         282           8           7
         283           8           6
         284           8           5
         285           8           6
         286           8           5
         287           8           4
         288           8           5
         289           8           6
         290           8           7
         291           8           7
         292           7           7
         293           8           7
         294           8           7
         295           8           6
         296           8           5
         297           8           6
         298           8           6
         299           7           6
         300           8           6
         301           8           5
         302           8           6
         303           8           6
         304           8           5
         305           7           5
         306           7           6
         307           6           6
         308           5           6
         309           5           5
         310           5           6
         311           4           6
         312           4           5
         313           5           5
         314           5           4
         315           4           4
         316           4           3
         317           5           3
         318           4           3
         319           4           2
         320           5           2
         321           6           2
         322           6           1
         323           6           2
         324           6           1
         325           6           2
         326           7           2
         327           8           2
         328           8           3
         329           8           2
         330           8           3
         331           7           3
         332           8           3
         333           8           4
         334           8           3
         335           7           3
         336           7           4
         337           7           3
         338           6           3
         339           6           4
         340           5           4
         341           4           4
         342           4           3
         343           3           3
         344           2           3
         345           3           3
         346           3           4
         347           3           5
         348           3           4
         349           3           5
         350           2           5
         351           2           6
         352           3           6
         353           3           7
         354           3           8
         355           3           7
         356           2           7
         357           3           7
         358           2           7
         359           3           7
         360           3           6
         361           2           6
         362           3           6
         363           2           6
         364           1           6
         365           2           6
         366           1           6
         367           1           5
         368           1           4
         369           1           5
         370           1           5
         371           2           5
         372           2           4
         373           3           4
         374           3           5
         375           3           4
         376           2           4
         377           3           4
         378           4           4
         379           4           3
         380           5           3
         381           5           4
         382           5           5
         383           5           6
         384           5           7
         385           5           6
         386           5           7
         387           5           8
         388           5           8
         389           5           7
         390           6           7
         391           6           8
         392           5           8
         393           5           8
         394           5           7
         395           5           6
         396           4           6
         397           5           6
         398           6           6
         399           7           6
         400           7           7
         401           7           6
         402           8           6
         403           8           5
         404           8           4
         405           8           3
         406           8           3
         407           7           3
         408           7           4
         409           6           4
         410           6           3
         411           6           2
         412           5           2
         413           5           3
         414           4           3
         415           3           3
         416           2           3
         417           3           3
         418           4           3
         419           5           3
         420           5           4
         421           6           4
         422           6           3
         423           6           2
         424           6           1
         425           6           1
         426           6           2
         427           7           2
         428           6           2
         429           6           1
         430           7           1
         431           7           2
         432           7           1
         433           7           2
         434           7           3
         435           7           4
         436           7           5
         437           6           5
         438           5           5
         439           5           4
         440           5           5
         441           6           5
         442           6           6
         443           6           5
         444           6           6
         445           7           6
         446           6           6
         447           6           5
         448           6           4
         449           5           4
         450           5           5
         451           4           5
         452           4           4
         453           4           3
         454           3           3
         455           4           3
         456           5           3
         457           5           2
         458           5           1
         459           6           1
         460           6           1
         461           7           1
         462           7           1
         463           7           1
         464           6           1
         465           5           1
         466           6           1
         467           7           1
         468           7           2
         469           7           1
         470           6           1
         471           7           1
         472           7           2
         473           7           1
         474           7           1
         475           7           2
         476           8           2
         477           7           2
         478           7           1
         479           6           1
         480           7           1
         481           8           1
         482           8           1
         483           8           1
         484           8           2
         485           8           2
         486           8           3
         487           8           3
         488           8           2
         489           8           3
         490           8           4
         491           8           5
         492           8           5
         493           7           5
         494           7           6
         495           7           7
         496           6           7
         497           7           7
         498           8           7
         499           8           7
         500           8           6
         501           7           6
         502           6           6
         503           5           6
         504           5           5
         505           6           5
         506           7           5
         507           7           6
         508           8           6
         509           8           6
         510           8           6
         511           8           5
         512           8           6
         513           8           7
         514           7           7
         515           8           7
         516           8           8
         517           8           7
         518           8           7
         519           8           6
         520           8           7
         521           8           6
         522           8           7
         523           7           7
         524           8           7
         525           8           6
         526           7           6
         527           8           6
         528           7           6
         529           6           6
         530           7           6
         531           7           5
         532           7           4
         533           8           4
         534           7           4
         535           7           5
         536           7           4
         537           7           3
         538           7           2
         539           7           1
         540           7           1
         541           7           1
         542           8           1
         543           8           1
         544           7           1
         545           6           1
         546           5           1
         547           5           1
         548           4           1
         549           3           1
         550           3           1
         551           3           2
         552           2           2
         553           2           3
         554           3           3
         555           3           2
         556           4           2
         557           4           3
         558           3           3
         559           3           4
         560           2           4
         561           3           4
         562           2           4
         563           1           4
         564           1           4
         565           2           4
         566           1           4
         567           1           3
         568           1           4
         569           1           5
         570           1           4
         571           1           3
         572           2           3
         573           1           3
         574           1           3
         575           1           3
         576           1           2
         577           2           2
         578           2           3
         579           2           2
         580           3           2
         581           3           3
         582           3           2
         583           4           2
         584           5           2
         585           5           1
         586           5           1
         587           6           1
         588           7           1
         589           7           1
         590           6           1
         591           6           1
         592           6           2
         593           5           2
         594           4           2
         595           5           2
         596           5           1
         597           4           1
         598           4           1
         599           4           1
         600           3           1
         601           2           1
         602           2           1
         603           3           1
         604           2           1
         605           2           1
         606           3           1
         607           2           1
         608           3           1
         609           3           2
         610           3           3
         611           4           3
         612           3           3
         613           2           3
         614           3           3
         615           3           2
         616           2           2
         617           2           1
         618           2           2
         619           2           3
         620           2           2
         621           1           2
         622           1           2
         623           1           1
         624           1           1
         625           1           2
         626           1           3
         627           2           3
         628           3           3
         629           4           3
         630           4           4
         631           4           3
         632           5           3
         633           5           4
         634           4           4
         635           4           5
         636           5           5
         637           6           5
         638           6           4
         639           7           4
         640           6           4
         641           6           3
         642           7           3
         643           7           4
         644           7           3
         645           6           3
         646           6           4
         647           5           4
         648           6           4
         649           6           3
         650           5           3
         651           4           3
         652           5           3
         653           5           2
         654           6           2
         655           6           1
         656           7           1
         657           7           1
         658           7           1
         659           7           2
         660           7           3
         661           6           3
         662           7           3
         663           6           3
         664           6           2
         665           5           2
         666           5           1
         667           5           1
         668           5           1
         669           5           1
         670           5           2
         671           6           2
         672           5           2
         673           5           3
         674           6           3
         675           7           3
         676           7           2
         677           8           2
         678           8           3
         679           8           2
         680           8           1
         681           8           2
         682           8           2
         683           8           3
         684           7           3
         685           7           2
         686           8           2
         687           8           2
         688           8           2
         689           8           1
         690           7           1
         691           7           1
         692           7           1
         693           8           1
         694           8           2
         695           8           2
         696           7           2
         697           7           1
         698           7           1
         699           7           2
         700           7           1
         701           6           1
         702           6           2
         703           7           2
         704           8           2
         705           8           2
         706           8           3
         707           8           4
         708           7           4
         709           6           4
         710           7           4
         711           6           4
         712           6           3
         713           6           2
         714           7           2
         715           6           2
         716           6           1
         717           7           1
         718           8           1
         719           8           1
         720           8           1
         721           8           1
         722           8           2
         723           8           3
         724           8           3
         725           8           4
         726           8           5
         727           7           5
         728           7           4
         729           6           4
         730           6           3
         731           7           3
         732           7           4
         733           6           4
         734           7           4
         735           7           5
         736           7           6
         737           6           6
         738           6           5
         739           5           5
         740           6           5
         741           6           6
         742           6           5
         743           6           6
         744           5           6
         745           4           6
         746           4           5
         747           4           4
         748           5           4
         749           5           3
         750           4           3
         751           5           3
         752           4           3
         753           3           3
         754           4           3
         755           4           4
         756           4           3
         757           4           4
         758           4           5
         759           3           5
         760           3           6
         761           2           6
         762           2           5
         763           2           6
         764           2           5
         765           3           5
         766           4           5
         767           3           5
         768           2           5
         769           3           5
         770           2           5
         771           2           4
         772           3           4
         773           3           5
         774           3           6
         775           3           5
         776           3           4
         777           3           5
         778           4           5
         779           4           6
         780           4           5
         781           3           5
         782           2           5
         783           2           6
         784           1           6
         785           2           6
         786           3           6
         787           3           7
         788           2           7
         789           2           6
         790           2           5
         791           2           4
         792           1           4
         793           1           3
         794           1           2
         795           1           3
         796           1           4
         797           1           5
         798           2           5
         799           3           5
         800           2           5
         801           2           6
         802           3           6
         803           4           6
         804           3           6
         805           4           6
         806           4           7
         807           4           6
         808           5           6
         809           4           6
         810           5           6
         811           5           7
         812           5           8
         813           5           7
         814           4           7
         815           4           8
         816           5           8
         817           4           8
         818           4           8
         819           5           8
         820           6           8
         821           5           8
         822           5           7
         823           4           7
         824           5           7
         825           4           7
         826           5           7
         827           6           7
         828           6           6
         829           6           5
         830           7           5
         831           7           6
         832           7           7
         833           6           7
         834           6           6
         835           6           7
         836           7           7
         837           6           7
         838           7           7
         839           6           7
         840           6           6
         841           6           7
         842           6           8
         843           5           8
         844           4           8
         845           4           8
         846           3           8
         847           3           8
         848           3           8
         849           3           7
         850           3           8
         851           3           8
         852           2           8
         853           3           8
         854           3           7
         855           3           6
         856           2           6
         857           1           6
         858           1           5
         859           1           5
         860           1           6
         861           2           6
         862           2           5
         863           3           5
         864           3           6
         865           3           5
         866           4           5
         867           4           6
         868           4           5
         869           3           5
         870           2           5
         871           3           5
         872           3           4
         873           3           3
         874           3           2
         875           4           2
         876           4           3
         877           5           3
         878           6           3
         879           6           2
         880           6           3
         881           5           3
         882           5           4
         883           5           3
         884           6           3
         885           6           4
         886           7           4
         887           6           4
         888           5           4
         889           5           5
         890           4           5
         891           3           5
         892           4           5
         893           4           4
         894           4           3
         895           4           2
         896           3           2
         897           3           1
         898           3           1
         899           2           1
         900           2           2
         901           1           2
         902           1           1
         903           1           2
         904           1           3
         905           1           4
         906           1           5
         907           2           5
         908           2           4
         909           1           4
         910           1           4
         911           1           5
         912           2           5
         913           1           5
         914           1           5
         915           1           5
         916           1           6
         917           1           7
         918           2           7
         919           3           7
         920           4           7
         921           4           6
         922           5           6
         923           5           5
         924           5           6
         925           5           7
         926           4           7
         927           4           8
         928           4           7
         929           3           7
         930           2           7
         931           2           6
         932           2           5
         933           1           5
         934           1           4
         935           1           5
         936           1           6
         937           1           6
         938           1           7
         939           1           8
         940           1           8
         941           2           8
         942           1           8
         943           2           8
         944           2           7
         945           2           6
         946           2           5
         947           2           6
         948           2           7
         949           2           8
         950           2           7
         951           2           6
         952           3           6
         953           3           7
         954           4           7
         955           5           7
         956           5           6
         957           6           6
         958           6           7
         959           5           7
         960           5           8
         961           4           8
         962           3           8
         963           3           7
         964           3           6
         965           4           6
         966           4           5
         967           3           5
         968           3           4
         969           3           3
         970           2           3
         971           2           2
         972           3           2
         973           3           1
         974           3           1
         975           2           1
         976           1           1
         977           1           1
         978           2           1
         979           2           1
         980           2           1
         981           3           1
         982           3           2
         983           3           1
         984           4           1
         985           4           2
         986           5           2
         987           6           2
         988           5           2
         989           4           2
         990           4           1
         991           3           1
         992           4           1
         993           5           1
         994           6           1
         995           6           2
         996           5           2
         997           6           2
         998           5           2
         999           6           2
        1000           5           2
