           1   1.00000000000000     
           2   2.00448000000000     
           3   3.00124000000000     
           4   4.00716000000000     
           5   5.01744000000000     
           6   6.00704000000000     
           7   7.01936000000000     
           8   8.00912000000000     
           9   9.02208000000000     
          10   10.0457000000000     
          11   11.0662800000000     
          12   12.0557000000000     
          13   13.0408800000000     
          14   14.0439200000000     
          15   15.0694400000000     
          16   16.0523600000000     
          17   17.0646000000000     
          18   18.0628800000000     
          19   19.0698800000000     
          20   20.0697000000000     
          21   21.0678800000000     
          22   22.1041400000000     
          23   23.1092800000000     
          24   24.0930400000000     
          25   25.0672000000000     
          26   26.0778200000000     
          27   27.0683200000000     
          28   28.0772400000000     
          29   29.0723600000000     
          30   30.0937200000000     
          31   31.0446800000000     
          32   32.0326600000000     
          33   33.0214800000000     
          34   34.0179000000000     
          35   34.9922000000000     
          36   35.9436400000000     
          37   36.9137600000000     
          38   37.9217800000000     
          39   38.9334400000000     
          40   39.8969000000000     
          41   40.8740800000000     
          42   41.8241600000000     
          43   42.8272000000000     
          44   43.8167600000000     
          45   44.7739200000000     
          46   45.7865400000000     
          47   46.8736800000000     
          48   47.8443600000000     
          49   48.8650800000000     
          50   49.8289200000000     
          51   50.8812000000000     
          52   51.8168600000000     
          53   52.8503600000000     
          54   53.8266400000000     
          55   54.8395600000000     
          56   55.8942000000000     
          57   56.9164800000000     
          58   57.9144600000000     
          59   58.8818400000000     
          60   59.8285200000000     
          61   60.7192800000000     
          62   61.7418000000000     
          63   62.6726800000000     
          64   63.6688400000000     
          65   64.6841200000000     
          66   65.6851200000000     
          67   66.7392400000000     
          68   67.8365400000000     
          69   68.8420000000000     
          70   69.8288400000000     
          71   70.8126400000000     
          72   71.8421800000000     
          73   72.8022000000000     
          74   73.7807200000000     
          75   74.8108000000000     
          76   75.7441000000000     
          77   76.7860800000000     
          78   77.8655800000000     
          79   78.8824000000000     
          80   79.9216800000000     
          81   80.9211200000000     
          82   81.8879200000000     
          83   82.9488000000000     
          84   83.9847600000000     
          85   84.9532800000000     
          86   85.9298600000000     
          87   86.8610800000000     
          88   87.8896800000000     
          89   88.9128800000000     
          90   89.8385600000000     
          91   90.9178800000000     
          92   91.9270400000000     
          93   92.8673200000000     
          94   93.8379600000000     
          95   94.9294400000000     
          96   95.9671400000000     
          97   96.9595600000000     
          98   97.9564200000000     
          99   98.9878800000000     
         100   100.021680000000     
         101   101.073440000000     
         102   102.061780000000     
         103   103.035000000000     
         104   103.973080000000     
         105   104.907280000000     
         106   105.976960000000     
         107   106.954240000000     
         108   107.937960000000     
         109   108.930080000000     
         110   109.948800000000     
         111   111.006440000000     
         112   112.045520000000     
         113   112.997800000000     
         114   114.000440000000     
         115   115.099440000000     
         116   116.088660000000     
         117   117.123120000000     
         118   118.150800000000     
         119   119.132640000000     
         120   120.135380000000     
         121   121.201280000000     
         122   122.149520000000     
         123   123.149840000000     
         124   124.166300000000     
         125   125.187880000000     
         126   126.134840000000     
         127   127.123480000000     
         128   128.131340000000     
         129   129.190240000000     
         130   130.237240000000     
         131   131.173400000000     
         132   132.250920000000     
         133   133.196720000000     
         134   134.311300000000     
         135   135.295640000000     
         136   136.265500000000     
         137   137.341960000000     
         138   138.404020000000     
         139   139.421560000000     
         140   140.417480000000     
         141   141.442520000000     
         142   142.491260000000     
         143   143.488800000000     
         144   144.475800000000     
         145   145.522240000000     
         146   146.478620000000     
         147   147.477000000000     
         148   148.410920000000     
         149   149.447000000000     
         150   150.481320000000     
         151   151.446120000000     
         152   152.522600000000     
         153   153.522400000000     
         154   154.549580000000     
         155   155.613440000000     
         156   156.632780000000     
         157   157.625000000000     
         158   158.629240000000     
         159   159.530560000000     
         160   160.597740000000     
         161   161.526000000000     
         162   162.492440000000     
         163   163.511520000000     
         164   164.542020000000     
         165   165.550360000000     
         166   166.603020000000     
         167   167.516480000000     
         168   168.552080000000     
         169   169.544880000000     
         170   170.584640000000     
         171   171.595720000000     
         172   172.631900000000     
         173   173.742240000000     
         174   174.786340000000     
         175   175.838120000000     
         176   176.831920000000     
         177   177.883520000000     
         178   178.918380000000     
         179   179.986920000000     
         180   180.997760000000     
         181   182.079200000000     
         182   183.113360000000     
         183   184.016880000000     
         184   185.087620000000     
         185   186.119880000000     
         186   187.104480000000     
         187   188.189600000000     
         188   189.177400000000     
         189   190.282120000000     
         190   191.348980000000     
         191   192.237160000000     
         192   193.274120000000     
         193   194.304680000000     
         194   195.331040000000     
         195   196.366280000000     
         196   197.335480000000     
         197   198.287840000000     
         198   199.197920000000     
         199   200.263520000000     
         200   201.378640000000     
         201   202.372600000000     
         202   203.415720000000     
         203   204.324400000000     
         204   205.327280000000     
         205   206.350880000000     
         206   207.286320000000     
         207   208.304320000000     
         208   209.358320000000     
         209   210.322600000000     
         210   211.402980000000     
         211   212.370360000000     
         212   213.394340000000     
         213   214.437120000000     
         214   215.475640000000     
         215   216.527760000000     
         216   217.466160000000     
         217   218.482560000000     
         218   219.298400000000     
         219   220.304520000000     
         220   221.341740000000     
         221   222.350160000000     
         222   223.521900000000     
         223   224.365000000000     
         224   225.372260000000     
         225   226.333440000000     
         226   227.303380000000     
         227   228.374880000000     
         228   229.428300000000     
         229   230.376400000000     
         230   231.271800000000     
         231   232.399720000000     
         232   233.438220000000     
         233   234.500600000000     
         234   235.694020000000     
         235   236.782800000000     
         236   237.779920000000     
         237   238.752400000000     
         238   239.704880000000     
         239   240.698840000000     
         240   241.699980000000     
         241   242.603480000000     
         242   243.589280000000     
         243   244.565800000000     
         244   245.575660000000     
         245   246.609240000000     
         246   247.475540000000     
         247   248.524080000000     
         248   249.589180000000     
         249   250.510680000000     
         250   251.517140000000     
         251   252.405080000000     
         252   253.431980000000     
         253   254.461280000000     
         254   255.408000000000     
         255   256.426720000000     
         256   257.416320000000     
         257   258.421040000000     
         258   259.382040000000     
         259   260.325760000000     
         260   261.412840000000     
         261   262.414040000000     
         262   263.402940000000     
         263   264.276000000000     
         264   265.182060000000     
         265   266.175520000000     
         266   267.170360000000     
         267   268.005400000000     
         268   268.984920000000     
         269   269.861440000000     
         270   270.852520000000     
         271   272.005720000000     
         272   272.939560000000     
         273   273.930240000000     
         274   274.852780000000     
         275   275.802400000000     
         276   276.782800000000     
         277   277.698920000000     
         278   278.728400000000     
         279   279.650480000000     
         280   280.655840000000     
         281   281.692720000000     
         282   282.725040000000     
         283   283.796480000000     
         284   284.772140000000     
         285   285.675360000000     
         286   286.540400000000     
         287   287.589240000000     
         288   288.643620000000     
         289   289.554800000000     
         290   290.509980000000     
         291   291.599480000000     
         292   292.475140000000     
         293   293.509160000000     
         294   294.488060000000     
         295   295.516480000000     
         296   296.503680000000     
         297   297.496400000000     
         298   298.564140000000     
         299   299.645000000000     
         300   300.665660000000     
         301   301.788840000000     
         302   302.750000000000     
         303   303.643480000000     
         304   304.625460000000     
         305   305.623560000000     
         306   306.542480000000     
         307   307.543040000000     
         308   308.495160000000     
         309   309.538160000000     
         310   310.626400000000     
         311   311.497960000000     
         312   312.518160000000     
         313   313.566960000000     
         314   314.577300000000     
         315   315.530960000000     
         316   316.525420000000     
         317   317.486240000000     
         318   318.347980000000     
         319   319.236800000000     
         320   320.268220000000     
         321   321.265520000000     
         322   322.326120000000     
         323   323.311240000000     
         324   324.145620000000     
         325   325.094520000000     
         326   326.172820000000     
         327   327.268160000000     
         328   328.317840000000     
         329   329.367560000000     
         330   330.474340000000     
         331   331.460160000000     
         332   332.530900000000     
         333   333.642520000000     
         334   334.609040000000     
         335   335.588080000000     
         336   336.534740000000     
         337   337.384160000000     
         338   338.342560000000     
         339   339.355360000000     
         340   340.492100000000     
         341   341.249160000000     
         342   342.216780000000     
         343   343.249680000000     
         344   344.105120000000     
         345   345.254160000000     
         346   346.369360000000     
         347   347.481680000000     
         348   348.484620000000     
         349   349.477640000000     
         350   350.487500000000     
         351   351.569520000000     
         352   352.594560000000     
         353   353.671000000000     
         354   354.629400000000     
         355   355.521320000000     
         356   356.394340000000     
         357   357.239880000000     
         358   358.231900000000     
         359   359.312360000000     
         360   360.295700000000     
         361   361.176080000000     
         362   362.280500000000     
         363   363.388720000000     
         364   364.325660000000     
         365   365.341360000000     
         366   366.267580000000     
         367   367.157080000000     
         368   368.167740000000     
         369   369.281920000000     
         370   370.363600000000     
         371   371.406960000000     
         372   372.482760000000     
         373   373.495280000000     
         374   374.478380000000     
         375   375.501400000000     
         376   376.623460000000     
         377   377.608240000000     
         378   378.615780000000     
         379   379.505320000000     
         380   380.451340000000     
         381   381.562920000000     
         382   382.435260000000     
         383   383.481520000000     
         384   384.491020000000     
         385   385.311760000000     
         386   386.199460000000     
         387   387.118040000000     
         388   388.156580000000     
         389   389.223120000000     
         390   390.240540000000     
         391   391.357720000000     
         392   392.294100000000     
         393   393.170680000000     
         394   394.219300000000     
         395   395.165360000000     
         396   396.134580000000     
         397   397.133760000000     
         398   398.064160000000     
         399   399.098920000000     
         400   400.121400000000     
         401   401.142960000000     
         402   402.214400000000     
         403   403.277840000000     
         404   404.256880000000     
         405   405.170160000000     
         406   406.061480000000     
         407   406.879720000000     
         408   407.964600000000     
         409   409.007800000000     
         410   410.039080000000     
         411   411.030440000000     
         412   412.080920000000     
         413   413.049160000000     
         414   414.074680000000     
         415   415.039600000000     
         416   415.932080000000     
         417   416.901840000000     
         418   417.875200000000     
         419   418.917000000000     
         420   419.957100000000     
         421   420.937680000000     
         422   421.956200000000     
         423   422.830240000000     
         424   423.781240000000     
         425   424.921200000000     
         426   425.979040000000     
         427   427.060800000000     
         428   428.120580000000     
         429   429.225160000000     
         430   430.225120000000     
         431   431.282040000000     
         432   432.279600000000     
         433   433.263400000000     
         434   434.249160000000     
         435   435.180920000000     
         436   436.188700000000     
         437   437.177160000000     
         438   438.194460000000     
         439   439.253640000000     
         440   440.348820000000     
         441   441.435480000000     
         442   442.399640000000     
         443   443.567120000000     
         444   444.473620000000     
         445   445.396960000000     
         446   446.457440000000     
         447   447.606720000000     
         448   448.626480000000     
         449   449.585360000000     
         450   450.676640000000     
         451   451.664120000000     
         452   452.518680000000     
         453   453.390720000000     
         454   454.348400000000     
         455   455.396120000000     
         456   456.421220000000     
         457   457.467280000000     
         458   458.483740000000     
         459   459.517560000000     
         460   460.381660000000     
         461   461.304720000000     
         462   462.308040000000     
         463   463.190400000000     
         464   464.212780000000     
         465   465.159960000000     
         466   465.989140000000     
         467   467.026920000000     
         468   468.022160000000     
         469   469.046840000000     
         470   469.942560000000     
         471   471.073120000000     
         472   472.082580000000     
         473   473.001760000000     
         474   474.035300000000     
         475   475.169840000000     
         476   476.110560000000     
         477   476.962600000000     
         478   477.979340000000     
         479   478.993840000000     
         480   480.034140000000     
         481   481.022560000000     
         482   482.138540000000     
         483   483.243920000000     
         484   484.184280000000     
         485   485.268640000000     
         486   486.361880000000     
         487   487.262280000000     
         488   488.195440000000     
         489   489.122480000000     
         490   490.150580000000     
         491   491.115640000000     
         492   492.089020000000     
         493   493.228080000000     
         494   494.232560000000     
         495   495.199960000000     
         496   496.326660000000     
         497   497.468360000000     
         498   498.497060000000     
         499   499.516080000000     
         500   500.571960000000     
         501   501.526120000000     
         502   502.642440000000     
         503   503.531360000000     
         504   504.470240000000     
         505   505.552840000000     
         506   506.327300000000     
         507   507.235800000000     
         508   508.210940000000     
         509   509.247400000000     
         510   510.214480000000     
         511   511.253280000000     
         512   512.281480000000     
         513   513.233920000000     
         514   514.248460000000     
         515   515.382840000000     
         516   516.339660000000     
         517   517.406080000000     
         518   518.327640000000     
         519   519.422480000000     
         520   520.307580000000     
         521   521.281680000000     
         522   522.196820000000     
         523   523.014720000000     
         524   524.164520000000     
         525   525.244480000000     
         526   526.262540000000     
         527   527.287840000000     
         528   528.255840000000     
         529   529.187000000000     
         530   530.311520000000     
         531   531.306440000000     
         532   532.363880000000     
         533   533.340200000000     
         534   534.247160000000     
         535   535.441680000000     
         536   536.204280000000     
         537   537.127680000000     
         538   538.044500000000     
         539   538.986160000000     
         540   539.871160000000     
         541   540.827200000000     
         542   541.912580000000     
         543   543.118720000000     
         544   543.988300000000     
         545   544.999960000000     
         546   545.931900000000     
         547   546.907480000000     
         548   547.827560000000     
         549   548.711880000000     
         550   549.870420000000     
         551   550.793680000000     
         552   551.834500000000     
         553   552.716240000000     
         554   553.592360000000     
         555   554.613800000000     
         556   555.631360000000     
         557   556.657600000000     
         558   557.668740000000     
         559   558.697600000000     
         560   559.552320000000     
         561   560.580320000000     
         562   561.680100000000     
         563   562.660000000000     
         564   563.470800000000     
         565   564.423240000000     
         566   565.517140000000     
         567   566.531840000000     
         568   567.431440000000     
         569   568.537880000000     
         570   569.469680000000     
         571   570.359200000000     
         572   571.332380000000     
         573   572.383280000000     
         574   573.262180000000     
         575   574.255560000000     
         576   575.159100000000     
         577   576.207960000000     
         578   577.265700000000     
         579   578.298680000000     
         580   579.470600000000     
         581   580.567960000000     
         582   581.664560000000     
         583   582.708200000000     
         584   583.625720000000     
         585   584.472200000000     
         586   585.415400000000     
         587   586.194960000000     
         588   587.216080000000     
         589   588.061840000000     
         590   588.978480000000     
         591   590.021800000000     
         592   591.086760000000     
         593   591.951040000000     
         594   592.927660000000     
         595   593.774440000000     
         596   594.813360000000     
         597   595.643360000000     
         598   596.715600000000     
         599   597.712360000000     
         600   598.756460000000     
         601   599.683840000000     
         602   600.679680000000     
         603   601.625400000000     
         604   602.680420000000     
         605   603.729280000000     
         606   604.704260000000     
         607   605.677640000000     
         608   606.570740000000     
         609   607.503960000000     
         610   608.559060000000     
         611   609.316360000000     
         612   610.498120000000     
         613   611.449480000000     
         614   612.484100000000     
         615   613.522880000000     
         616   614.451280000000     
         617   615.616720000000     
         618   616.796220000000     
         619   617.821160000000     
         620   618.854220000000     
         621   619.774280000000     
         622   620.873400000000     
         623   621.944680000000     
         624   622.767640000000     
         625   623.671760000000     
         626   624.491160000000     
         627   625.660800000000     
         628   626.570420000000     
         629   627.562080000000     
         630   628.616480000000     
         631   629.517360000000     
         632   630.643120000000     
         633   631.733400000000     
         634   632.682800000000     
         635   633.551960000000     
         636   634.453620000000     
         637   635.447480000000     
         638   636.564420000000     
         639   637.518120000000     
         640   638.469580000000     
         641   639.429480000000     
         642   640.399800000000     
         643   641.329560000000     
         644   642.287540000000     
         645   643.178960000000     
         646   644.285320000000     
         647   645.324720000000     
         648   646.393000000000     
         649   647.490640000000     
         650   648.388860000000     
         651   649.336120000000     
         652   650.259640000000     
         653   651.173560000000     
         654   652.024760000000     
         655   653.021920000000     
         656   654.004700000000     
         657   655.185440000000     
         658   656.385080000000     
         659   657.531760000000     
         660   658.459400000000     
         661   659.601760000000     
         662   660.495400000000     
         663   661.430240000000     
         664   662.493960000000     
         665   663.602160000000     
         666   664.539760000000     
         667   665.382240000000     
         668   666.508360000000     
         669   667.638840000000     
         670   668.799740000000     
         671   669.836840000000     
         672   670.948980000000     
         673   672.043040000000     
         674   672.831040000000     
         675   673.965880000000     
         676   675.082500000000     
         677   676.019480000000     
         678   677.157080000000     
         679   678.156040000000     
         680   679.408220000000     
         681   680.334280000000     
         682   681.638860000000     
         683   682.688520000000     
         684   683.587040000000     
         685   684.679840000000     
         686   685.610620000000     
         687   686.588560000000     
         688   687.679920000000     
         689   688.918280000000     
         690   689.900500000000     
         691   690.794200000000     
         692   691.575700000000     
         693   692.556760000000     
         694   693.565280000000     
         695   694.650920000000     
         696   695.745960000000     
         697   696.743400000000     
         698   697.525040000000     
         699   698.473360000000     
         700   699.593220000000     
         701   700.492240000000     
         702   701.526780000000     
         703   702.519680000000     
         704   703.588100000000     
         705   704.617240000000     
         706   705.677760000000     
         707   706.713160000000     
         708   707.745900000000     
         709   708.697840000000     
         710   709.825420000000     
         711   710.790640000000     
         712   711.832040000000     
         713   712.814640000000     
         714   713.799540000000     
         715   714.934680000000     
         716   715.882140000000     
         717   717.040880000000     
         718   717.878180000000     
         719   718.909560000000     
         720   719.885560000000     
         721   721.169920000000     
         722   722.248240000000     
         723   723.270640000000     
         724   724.260460000000     
         725   725.115320000000     
         726   726.135240000000     
         727   727.107000000000     
         728   728.337440000000     
         729   729.301280000000     
         730   730.328520000000     
         731   731.395120000000     
         732   732.551000000000     
         733   733.437120000000     
         734   734.420840000000     
         735   735.577880000000     
         736   736.703640000000     
         737   737.831840000000     
         738   738.746560000000     
         739   739.647480000000     
         740   740.559020000000     
         741   741.494480000000     
         742   742.566100000000     
         743   743.711960000000     
         744   744.850400000000     
         745   745.890360000000     
         746   746.834700000000     
         747   747.993720000000     
         748   748.940520000000     
         749   749.901080000000     
         750   750.855040000000     
         751   751.805120000000     
         752   752.890080000000     
         753   754.036640000000     
         754   754.973860000000     
         755   755.968560000000     
         756   757.015760000000     
         757   758.082560000000     
         758   759.093380000000     
         759   759.950120000000     
         760   760.739880000000     
         761   761.538960000000     
         762   762.581600000000     
         763   763.675200000000     
         764   764.641740000000     
         765   765.993240000000     
         766   767.037100000000     
         767   767.979920000000     
         768   768.855460000000     
         769   769.931160000000     
         770   771.047020000000     
         771   771.829400000000     
         772   772.734020000000     
         773   773.695640000000     
         774   774.567220000000     
         775   775.587960000000     
         776   776.468660000000     
         777   777.539200000000     
         778   778.462540000000     
         779   779.520960000000     
         780   780.627320000000     
         781   781.461760000000     
         782   782.544840000000     
         783   783.730480000000     
         784   784.856900000000     
         785   785.828720000000     
         786   786.790580000000     
         787   787.840600000000     
         788   788.749400000000     
         789   789.725440000000     
         790   790.916160000000     
         791   791.864960000000     
         792   792.616120000000     
         793   793.738160000000     
         794   794.677940000000     
         795   795.892200000000     
         796   796.794460000000     
         797   797.617320000000     
         798   798.617400000000     
         799   799.626320000000     
         800   800.765280000000     
         801   801.740440000000     
         802   802.739840000000     
         803   803.855280000000     
         804   805.019680000000     
         805   806.134400000000     
         806   807.183580000000     
         807   808.340280000000     
         808   809.248380000000     
         809   810.335360000000     
         810   811.435380000000     
         811   812.594480000000     
         812   813.633060000000     
         813   814.642680000000     
         814   815.545580000000     
         815   816.559640000000     
         816   817.534780000000     
         817   818.571680000000     
         818   819.626080000000     
         819   820.717480000000     
         820   821.808780000000     
         821   822.915600000000     
         822   824.017160000000     
         823   824.904720000000     
         824   826.080720000000     
         825   827.100600000000     
         826   828.314560000000     
         827   829.552280000000     
         828   830.618100000000     
         829   831.608600000000     
         830   832.746520000000     
         831   833.830400000000     
         832   835.112720000000     
         833   836.285360000000     
         834   837.331980000000     
         835   838.388920000000     
         836   839.510560000000     
         837   840.479680000000     
         838   841.213100000000     
         839   842.046920000000     
         840   842.945240000000     
         841   843.832240000000     
         842   844.914460000000     
         843   845.936240000000     
         844   847.060080000000     
         845   847.912040000000     
         846   848.920440000000     
         847   849.988760000000     
         848   850.869900000000     
         849   851.971680000000     
         850   853.097800000000     
         851   854.030920000000     
         852   855.067800000000     
         853   855.915280000000     
         854   856.875900000000     
         855   858.061520000000     
         856   858.975020000000     
         857   860.154320000000     
         858   860.922420000000     
         859   862.056960000000     
         860   862.943180000000     
         861   863.995600000000     
         862   865.023360000000     
         863   866.090320000000     
         864   867.008140000000     
         865   867.911840000000     
         866   868.946500000000     
         867   869.996320000000     
         868   871.092640000000     
         869   872.131560000000     
         870   873.243500000000     
         871   874.186160000000     
         872   875.285020000000     
         873   876.264400000000     
         874   877.242540000000     
         875   878.510520000000     
         876   879.533420000000     
         877   880.504360000000     
         878   881.467320000000     
         879   882.627240000000     
         880   883.691080000000     
         881   884.734960000000     
         882   885.775940000000     
         883   886.568520000000     
         884   887.478280000000     
         885   888.469480000000     
         886   889.265360000000     
         887   890.161120000000     
         888   891.274880000000     
         889   892.030680000000     
         890   892.968260000000     
         891   894.126480000000     
         892   895.048980000000     
         893   896.031840000000     
         894   896.943060000000     
         895   898.037280000000     
         896   898.975700000000     
         897   899.875360000000     
         898   900.728480000000     
         899   901.750920000000     
         900   902.789060000000     
         901   903.820440000000     
         902   904.924660000000     
         903   905.923280000000     
         904   906.738440000000     
         905   907.797760000000     
         906   909.059940000000     
         907   910.051680000000     
         908   911.119180000000     
         909   912.095520000000     
         910   913.117960000000     
         911   913.979000000000     
         912   914.740780000000     
         913   915.894400000000     
         914   917.037940000000     
         915   918.144360000000     
         916   919.265080000000     
         917   920.188960000000     
         918   921.003200000000     
         919   921.870000000000     
         920   922.728460000000     
         921   923.755960000000     
         922   924.756380000000     
         923   925.753800000000     
         924   926.736960000000     
         925   927.841280000000     
         926   928.876600000000     
         927   929.850720000000     
         928   930.810460000000     
         929   931.835480000000     
         930   932.935940000000     
         931   933.918680000000     
         932   934.745220000000     
         933   935.985520000000     
         934   936.947940000000     
         935   937.995400000000     
         936   939.130240000000     
         937   940.185680000000     
         938   941.018360000000     
         939   941.865400000000     
         940   942.875080000000     
         941   944.060280000000     
         942   944.969220000000     
         943   945.790160000000     
         944   946.802320000000     
         945   947.741960000000     
         946   948.492740000000     
         947   949.418440000000     
         948   950.371740000000     
         949   951.282520000000     
         950   952.407540000000     
         951   953.206920000000     
         952   954.302140000000     
         953   955.460080000000     
         954   956.332880000000     
         955   957.575880000000     
         956   958.626120000000     
         957   959.361160000000     
         958   960.538100000000     
         959   961.583840000000     
         960   962.594900000000     
         961   963.392720000000     
         962   964.324360000000     
         963   965.154800000000     
         964   966.434900000000     
         965   967.296640000000     
         966   968.136320000000     
         967   969.199880000000     
         968   970.089980000000     
         969   970.994080000000     
         970   972.009620000000     
         971   973.057400000000     
         972   974.082240000000     
         973   975.192880000000     
         974   976.141180000000     
         975   977.335760000000     
         976   978.201480000000     
         977   979.310360000000     
         978   980.287380000000     
         979   981.134400000000     
         980   981.941440000000     
         981   983.042360000000     
         982   983.916220000000     
         983   984.966520000000     
         984   986.197960000000     
         985   987.219520000000     
         986   988.272880000000     
         987   989.039560000000     
         988   990.098420000000     
         989   991.285440000000     
         990   992.282200000000     
         991   993.193280000000     
         992   994.257740000000     
         993   995.388200000000     
         994   996.725340000000     
         995   997.733400000000     
         996   998.768320000000     
         997   999.691040000000     
         998   1000.61604000000     
         999   1001.67968000000     
        1000   1002.69536000000     
