    0.000000    0.388468
    0.062500    0.391036
    0.125000    0.398483
    0.187500    0.410560
    0.250000    0.427121
    0.312500    0.448073
    0.375000    0.473367
    0.437500    0.502971
    0.500000    0.536861
    0.562500    0.574993
    0.625000    0.617303
    0.687500    0.663679
    0.750000    0.713962
    0.812500    0.767926
    0.875000    0.825276
    0.937500    0.885638
    1.000000    0.948556
    1.062500    1.013492
    1.125000    1.079828
    1.187500    1.146868
    1.250000    1.213850
    1.312500    1.279956
    1.375000    1.344326
    1.437500    1.406075
    1.500000    1.464312
    1.562500    1.518162
    1.625000    1.566785
    1.687500    1.609399
    1.750000    1.645302
    1.812500    1.673890
    1.875000    1.694672
    1.937500    1.707288
    2.000000    1.711518
    2.062500    1.707288
    2.125000    1.694672
    2.187500    1.673890
    2.250000    1.645302
    2.312500    1.609399
    2.375000    1.566785
    2.437500    1.518162
    2.500000    1.464312
    2.562500    1.406075
    2.625000    1.344326
    2.687500    1.279956
    2.750000    1.213850
    2.812500    1.146868
    2.875000    1.079828
    2.937500    1.013492
    3.000000    0.948556
    3.062500    0.885638
    3.125000    0.825276
    3.187500    0.767926
    3.250000    0.713962
    3.312500    0.663679
    3.375000    0.617303
    3.437500    0.574993
    3.500000    0.536861
    3.562500    0.502971
    3.625000    0.473367
    3.687500    0.448073
    3.750000    0.427121
    3.812500    0.410560
    3.875000    0.398483
    3.937500    0.391036
    0.000000    0.000000
    0.062500    0.014573
    0.125000    0.058076
    0.187500    0.129791
    0.250000    0.228360
    0.312500    0.351683
    0.375000    0.496844
    0.437500    0.660073
    0.500000    0.836760
    0.562500    1.021521
    0.625000    1.208317
    0.687500    1.390626
    0.750000    1.561670
    0.812500    1.714683
    0.875000    1.843213
    0.937500    1.941439
    1.000000    2.004492
    1.062500    2.028754
    1.125000    2.012118
    1.187500    1.954190
    1.250000    1.856410
    1.312500    1.722091
    1.375000    1.556345
    1.437500    1.365921
    1.500000    1.158929
    1.562500    0.944487
    1.625000    0.732288
    1.687500    0.532125
    1.750000    0.353385
    1.812500    0.204560
    1.875000    0.092792
    1.937500    0.023484
    2.000000    0.000000
    2.062500    0.023484
    2.125000    0.092792
    2.187500    0.204560
    2.250000    0.353385
    2.312500    0.532125
    2.375000    0.732288
    2.437500    0.944487
    2.500000    1.158929
    2.562500    1.365921
    2.625000    1.556345
    2.687500    1.722091
    2.750000    1.856410
    2.812500    1.954190
    2.875000    2.012118
    2.937500    2.028754
    3.000000    2.004492
    3.062500    1.941439
    3.125000    1.843213
    3.187500    1.714683
    3.250000    1.561670
    3.312500    1.390626
    3.375000    1.208317
    3.437500    1.021521
    3.500000    0.836760
    3.562500    0.660073
    3.625000    0.496844
    3.687500    0.351683
    3.750000    0.228360
    3.812500    0.129791
    3.875000    0.058076
    3.937500    0.014573
    0.000000    2.210450
    0.062500    2.200207
    0.125000    2.167878
    0.187500    2.111824
    0.250000    2.031229
    0.312500    1.926095
    0.375000    1.797414
    0.437500    1.647213
    0.500000    1.478604
    0.562500    1.295745
    0.625000    1.103768
    0.687500    0.908621
    0.750000    0.716860
    0.812500    0.535373
    0.875000    0.371068
    0.937500    0.230515
    1.000000    0.119589
    1.062500    0.043103
    1.125000    0.004490
    1.187500    0.005533
    1.250000    0.046168
    1.312500    0.124394
    1.375000    0.236286
    1.437500    0.376121
    1.500000    0.536629
    1.562500    0.709336
    1.625000    0.885003
    1.687500    1.054128
    1.750000    1.207470
    1.812500    1.336587
    1.875000    1.434323
    1.937500    1.495238
    2.000000    1.515928
    2.062500    1.495238
    2.125000    1.434323
    2.187500    1.336587
    2.250000    1.207470
    2.312500    1.054128
    2.375000    0.885003
    2.437500    0.709336
    2.500000    0.536629
    2.562500    0.376121
    2.625000    0.236286
    2.687500    0.124394
    2.750000    0.046168
    2.812500    0.005533
    2.875000    0.004490
    2.937500    0.043103
    3.000000    0.119589
    3.062500    0.230515
    3.125000    0.371068
    3.187500    0.535373
    3.250000    0.716860
    3.312500    0.908622
    3.375000    1.103768
    3.437500    1.295745
    3.500000    1.478604
    3.562500    1.647213
    3.625000    1.797414
    3.687500    1.926095
    3.750000    2.031229
    3.812500    2.111824
    3.875000    2.167878
    3.937500    2.200207
    0.000000    0.000000
    0.062500    0.070336
    0.125000    0.272148
    0.187500    0.578680
    0.250000    0.948569
    0.312500    1.330984
    0.375000    1.672366
    0.437500    1.923883
    0.500000    2.048553
    0.562500    2.026954
    0.625000    1.860576
    0.687500    1.572195
    0.750000    1.203049
    0.812500    0.807106
    0.875000    0.443177
    0.937500    0.166020
    1.000000    0.017799
    1.062500    0.021267
    1.125000    0.175831
    1.187500    0.457225
    1.250000    0.820967
    1.312500    1.209144
    1.375000    1.559509
    1.437500    1.815460
    1.500000    1.935269
    1.562500    1.899021
    1.625000    1.712075
    1.687500    1.404397
    1.750000    1.025825
    1.812500    0.638003
    1.875000    0.304289
    1.937500    0.079326
    2.000000    0.000000
    2.062500    0.079326
    2.125000    0.304289
    2.187500    0.638003
    2.250000    1.025825
    2.312500    1.404397
    2.375000    1.712075
    2.437500    1.899021
    2.500000    1.935269
    2.562500    1.815460
    2.625000    1.559509
    2.687500    1.209144
    2.750000    0.820967
    2.812500    0.457225
    2.875000    0.175831
    2.937500    0.021267
    3.000000    0.017799
    3.062500    0.166020
    3.125000    0.443177
    3.187500    0.807106
    3.250000    1.203049
    3.312500    1.572195
    3.375000    1.860576
    3.437500    2.026954
    3.500000    2.048553
    3.562500    1.923882
    3.625000    1.672366
    3.687500    1.330984
    3.750000    0.948568
    3.812500    0.578680
    3.875000    0.272148
    3.937500    0.070336
    0.000000    2.151783
    0.062500    2.081945
    0.125000    1.879892
    0.187500    1.570354
    0.250000    1.193306
    0.312500    0.798863
    0.375000    0.440652
    0.437500    0.168292
    0.500000    0.020132
    0.562500    0.017322
    0.625000    0.160194
    0.687500    0.427625
    0.750000    0.779633
    0.812500    1.162959
    0.875000    1.518883
    0.937500    1.792160
    1.000000    1.939677
    1.062500    1.937453
    1.125000    1.784778
    1.187500    1.504748
    1.250000    1.140960
    1.312500    0.750823
    1.375000    0.396485
    1.437500    0.134807
    1.500000    0.008031
    1.562500    0.036715
    1.625000    0.216154
    1.687500    0.516936
    1.750000    0.889625
    1.812500    1.272809
    1.875000    1.603221
    1.937500    1.826223
    2.000000    1.904900
    2.062500    1.826223
    2.125000    1.603221
    2.187500    1.272809
    2.250000    0.889625
    2.312500    0.516936
    2.375000    0.216154
    2.437500    0.036715
    2.500000    0.008031
    2.562500    0.134807
    2.625000    0.396485
    2.687500    0.750823
    2.750000    1.140960
    2.812500    1.504749
    2.875000    1.784778
    2.937500    1.937453
    3.000000    1.939677
    3.062500    1.792160
    3.125000    1.518883
    3.187500    1.162959
    3.250000    0.779633
    3.312500    0.427625
    3.375000    0.160194
    3.437500    0.017322
    3.500000    0.020132
    3.562500    0.168292
    3.625000    0.440652
    3.687500    0.798863
    3.750000    1.193307
    3.812500    1.570354
    3.875000    1.879892
    3.937500    2.081945
